0.0080000000004929461
0.0079132935389907288
0.0078667911969887427
0.0078985786268503944
0.0080452382426301483
0.0083418863695214895
0.0088222096513845827
0.0095185007277223121
0.010461693196702981
0.011681395878554213
0.013205926379555422
0.015062343992667593
0.017276481919907383
0.019872978845796752
0.022875309867458782
0.026305816797048465
0.030185737837882698
0.034535236659280599
0.03937343086920464
0.044718419901869311
0.050587312325660605
0.056996252593421559
0.063960447225895223
0.071494190459361562
0.079610889348828096
0.088323088353490675
0.097642493397529506
0.10757999543113783
0.11814569348860005
0.12934891725421949
0.14119824916019752
0.15370154600134356
0.166865960092764
0.18069795997064375
0.19520335065283234
0.21038729345275442
0.22625432537483903
0.24280837807657463
0.26005279642697587
0.27799035665293559
0.2966232840902876
0.31595327053935307
0.33598149124190968
0.35670862147742355
0.37813485279548331
0.40025990887306762
0.42308306103200266
0.44660314339421348
0.47081856770148534
0.49572733779723421
0.52132706377517479
0.54761497581137064
0.5745879376704579
0.60224245990718828
0.63057471276158594
0.65958053874794587
0.6892554649595013
0.71959471507727812
0.75059322110212179
0.7822456348023934
0.81454633889694605
0.84748945796576436
0.88106886910486537
0.91527821231710504
0.95011090065980852
0.98556013013785559
1.0216188893627987
1.0582799689694298
1.0955359708012224
1.1333793168685702
1.1718022580849947
1.2107968827835975
1.2503551250152896
1.2904687726434076
1.3311294752284084
1.3723287517071867
1.4140579978864025
1.4563084937239523
1.4990714104384892
1.5423378174189111
1.5860986889598507
1.6303449108146424
1.6750672865737783
1.7202565438720967
1.7659033404273714
1.8119982699157617
1.8585318676834959
1.9054946163037698
1.9528769509753943
2.000669264773137
2.048861913749306
2.0974452218861757
2.1464094859131819
2.1957449799783149
2.2454419601870654
2.2954906690072221
2.3458813395414495
2.3966041996747549
2.4476494760951368
2.4990073981900878