0.0080000000004929461
0.0079132935389907288
0.0078667911969887427
0.0078985786268503944
0.0080452382426301483
0.0083418863695214895
0.0088222096513845827
0.0095185007277223121
0.010461693196702981
0.011681395878554213
0.013205926379555422
0.015062343992667593
0.017276481919907383
0.019872978845796752
0.022875309867458782
0.026305816797048465
0.030185737837882698
0.034535236659280599
0.03937343086920464
0.044718419901869311
0.050587312325660605
0.056996252593421559
0.063960447225895223
0.071494190459361562
0.079610889348828096
0.088323088353490675
0.097642493397529506
0.10757999543113783
0.11814569348860005
0.12934891725421949
0.14119824916019752
0.15370154600134356
0.166865960092764
0.18069795997064375
0.19520335065283234
0.21038729345275442
0.22625432537483903
0.24280837807657463
0.26005279642697587
0.27799035665293559
0.2966232840902876
0.31595327053935307
0.33598149124190968
0.35670862147742355
0.37813485279548331
0.40025990887306762
0.42308306103200266
0.44660314339421348
0.47081856770148534
0.49572733779723421
0.52132706377517479
0.54761497581137064
0.5745879376704579
0.60224245990718828
0.63057471276158594
0.65958053874794587
0.6892554649595013
0.71959471507727812
0.75059322110212179
0.7822456348023934
0.81454633889694605
0.84748945796576436
0.88106886910486537
0.91527821231710504
0.95011090065980852
0.98556013013785559
1.0216188893627987
1.0582799689694298
1.0955359708012224
1.1333793168685702
1.1718022580849947
1.2107968827835975
1.2503551250152896
1.2904687726434076
1.3311294752284084
1.3723287517071867
1.4140579978864025
1.4563084937239523
1.4990714104384892
1.5423378174189111
1.5860986889598507
1.6303449108146424
1.6750672865737783
1.7202565438720967
1.7659033404273714
1.8119982699157617
1.8585318676834959
1.9054946163037698
1.9528769509753943
2.000669264773137
2.048861913749306
2.0974452218861757
2.1464094859131819
2.1957449799783149
2.2454419601870654
2.2954906690072221
2.3458813395414495
2.3966041996747549
2.4476494760951368
2.4990073981900878
2.55066820182941
2.6026221330215549
2.6548594514657111
2.7073704339809979
2.7601453778346468
2.8131746039597374
2.8664484600639071
2.9199573236427341
2.9736916048864259
3.0276417494906127
3.0817982413726099
3.1361516052895695
3.1906924093690918
3.2454112675490592
3.3002988419256667
3.3553458450215885
3.4105430419660365
3.4658812525955796
3.5213513534724825
3.5769442798273303
3.6326510274225825
3.6884626543421177
3.7443702827120546
3.8003651003427876
3.8564383623070739
3.9125813924488853
3.9687855848267759
4.0250424050879587
4.0813433917857083
4.1376801576319622
4.1940443906880773
4.2504278554994244
4.3068223941739348
4.363219927397779
4.4196124554079574
4.4759920588998625
4.5323508998903321
4.5886812225299991
4.644975353861355
4.7012257045344086
4.7574247694720384
4.8135651284923142
4.8696394468825588
4.9256404759343013
4.9815610534343477
5.0373941041139005
5.0931326400598209
5.148769761083372
5.2042986550566184
5.2597125982067041
5.3150049553767076
5.3701691802526739
5.4251988155540403
5.4800874931925705
5.5348289344002524
5.5894169498237147
5.6438454395913027
5.6981083933465015
5.7521998902584528
5.8061140989992168
5.8598452776986392
5.9133877738694309
5.9667360243095686
6.0198845549789155
6.0728279808517129
6.1255610057482386
6.1780784221398051
6.2303751109369898
6.2824460412529959
6.3342862701480556
6.3858909423570367
6.4372552899913842
6.4883746322292382
6.5392443749844062
6.5898600105587377
6.6402171172783255
6.6903113591132239
6.740138485281733
6.7896943298400743
6.838974811258737
6.8879759319812877
6.9366937779744831
6.9851245182626371
7.0332644044508186
7.0811097702357699
7.1286570309049182
7.1759026828263757
7.2228433029256962
7.2694755481547588
7.3157961549507604
7.3618019386849767
7.407489793103764
7.4528566897602957
7.4978996774387383
7.5426158815721465
7.5870025036501829
7.6310568206229448
7.6747761842953821
7.7181580207191303
7.761199829574764
7.8038991835504703
7.8462537277163449
7.8882611788916392
7.9299193250089957
7.9712260244742765
8.0121792055209369
8.0527768655629757
8.0930170705431976
8.1328979542778939
8.1724177177994477
8.2115746286959563
8.2503670204489197
8.2887932917676039
8.3268519059229789
8.364541390078756
8.4018603346220573
8.4388073924910998
8.4753812785048126
8.5115807686878782
8.5474046995981325
8.5828519676520898
8.6179215284518591
8.6526123961079975
8.6869236425679048
8.7208543969410925
8.7544038448250774
8.7875712276325544
8.8203558419200192
8.8527570387161063
8.8847742228516893
8.9164068522907769
8.9476544374636546
8.9785165406000829
9.0089927750656784
9.0390828046999445
9.0687863431539881
9.0981031532335805
9.1270330462417348
9.1555758813253192
9.1837315648221818
9.211500049613079
9.2388813344736036
9.2658754634313141
9.292482525123404
9.318702652159061
9.3445360204826784
9.3699828487428363
9.3950433976618228
9.419717969409902
9.4440069069824517
9.4679105935800294
9.4914294519923033
9.5145639439853369
9.5373145696929384
9.5596818670105961
9.581666410993023
9.6032688132577846
9.624489721389125
9.6453298183479035
9.6657898218862215
9.6858704839627876
9.7055725901654171
9.7248969591360321
9.7438444420002099
9.7624159217995157
9.7806123129311402
9.7984345605876229
9.8158836402040777
9.8329605569078069
9.849666344973258
9.8660020672800925
9.8819688147771387
9.8975677059490721
9.9127998862888802
9.9276665277731979
9.9421688283438812
9.9563080113920535
9.9700853252485757
9.9835020426768608
9.996559460372481
10.00925889846458
10.021601700025059
10.033589230578301
10.045222877619125
10.056504050133071
10.067434178121616
10.078014712132614
10.088247122794002
10.098132900353349
10.107673554220909
10.116870612517914
10.125725621629059
10.134240145759392
10.142415766495674
10.150254082373124
10.157756708445149
10.164925275859204
10.17176143143557
10.178266837252181
10.184443170232356
10.190292121738793
10.195815397169639
10.201014715561854
10.205891809196146
10.210448423208874
10.214686315206194
10.218607254884404
10.222213023653154
10.225505414264205
10.228486230443607
10.231157286528969
10.233520407110646
10.235577426676741
10.237330189263645
10.238780548109588
10.239930365313072
10.240781511495243
10.241335865466695
10.24159531389823
10.241561750996169
10.241237078180873
10.240623203770539
10.239722042668205
10.238535516053417
10.237065551077109
10.235314080561949
10.233283042704798
10.230974380784801
10.228390042874238
10.225531981554511
10.222402153634391
10.219002519873612
10.215335044709533
10.211401695988187
10.207204444698107
10.202745264709165
10.198026132514286
10.193049026975061
10.187815929071704
10.182328821655148
10.176589689204619
10.170600517587289
10.164363293822618
10.157880005849293
10.151152642296708
10.144183192258993
10.13697364507307
10.129525990099907
10.121842216509606
10.11392431306902
10.105774267933825
10.09739406844281
10.088785700916574
10.07995115045847
10.070892400759575
10.061611433906322
10.052110230191829
10.042390767930087
10.032455023273116
10.022304970031598
10.011942579498282
10.001369820275073
9.9905886581018279
9.9796010556897556
9.9684089725565315
9.9570143648650742
9.9454191852646545
9.9336253827356416
9.9216349024363097
9.9094496855529428
9.8970716691526732
9.8845027860391212
9.8717449646102864
9.8588001287201834
9.8456701975419918
9.8323570854348077
9.81886270181257
9.8051889510153885
9.7913377321841182
9.7773109391368536
9.7631104602483347
9.748738178331628
9.7341959705222365
9.7194857081653367
9.7046092567040603
9.6895684755715905
9.674365218084958
9.6590013313409528
9.6434786561149579
9.6277990267614584
9.6119642711175501
9.5959762104076347
9.5798366591516029
9.5635474250739279
9.5471103090160057
9.5305271048499804
9.5137995993947797
9.4969295723343308
9.4799187961379943
9.4627690359826673
9.445482049677274
9.4280595875887911
9.4105033925708881
9.3928151998938247
9.3749967371768292
9.3570497243218469
9.3389758734495274
9.3207768888372016
9.3024544668580305
9.2840102959226627
9.2654460564222774
9.2467634206733891
9.2279640528647278
9.2090496090052696
9.1900217368745274
9.1708820759738785
9.1516322574804718
9.1322739042015186
9.1128086305314042
9.0932380424093751
9.0735637372797271
9.0537873040526122
9.0339103230668201
9.0139343660543858
8.9938609961059583
8.9736917676380514
8.95342822636173
8.9330719092524689
8.9126243445219444
8.8920870515902877
8.8714615410607252
8.8507493146946388
8.8299518653887858
8.8090706771531799
8.7881072250903003
8.7670629753759997
8.7459393852413641
8.7247379029556313
8.7034599678105877
8.6821070101061366
8.6606804511368125
8.63918170317978
8.6176121694836425
8.5959732442583245
8.5742663126667082
8.552492750816441
8.5306539257533913
8.508751195456135
8.486785908830889
8.464759405708655
8.4426730168417521
8.4205280639029638
8.3983258594842098
8.3760677070975404
8.3537549011756411
8.3313887270745397
8.3089704610762638
8.2865013703931822
8.2639827131724815
8.2414157385018427
8.2188016864161852
8.1961417879048426
8.1734372649197908
8.1506893303844379
8.1278991882037062
8.1050680332740725
8.0821970514953989
8.0592874197825353
8.0363403060781025
8.013356869366163
7.9903382596862258
7.9672856181482743
7.9442000769479506
7.9210827593832533
7.8979347798709796
7.8747572439644671
7.8515512483716776
7.8283178809736818
7.8050582208445611
7.7817733382706464
7.7584642947716809
7.7351321431213407
7.7117779273694183
7.6884026828634902
7.6650074362719742
7.6415932056072862
7.6181610002494651
7.5947118209706552
7.5712466599595167
7.5477665008468335
7.5242723187308016
7.500765080203589
7.4772457433774733
7.453715257912247
7.4301745650423818
7.4066245976051945
7.3830662800688813
7.3595005285612167
7.3359282508987604
7.3123503466161672
7.2887677069960723
7.2651812150991653
7.2415917457948638
7.2180001657920094
7.1944073336702168
7.170814099911297
7.1472213069310406
7.1236297891116571
7.1000403728336998
7.0764538765093974
7.0528711106151043
7.0292928777251298
7.0057199725447958
6.9821531819446072
6.9585932849942118
6.9350410529965174
6.9114972495226752
6.8879626304463137
6.8644379439790093
6.8409239307051024
6.8174213236175021
6.7939308481528755
6.7704532222277898
6.7469891562745588
6.7235393532773742
6.700104508808792
6.6766853110660236
6.6532824409078017
6.6298965718910772
6.6065283703080837
6.5831784952232653
6.5598475985106788
6.5365363248913866
6.5132453119707279
6.489975190276148
6.4667265832947329
6.4435001075112304
6.4202963724457227
6.3971159806919005
6.373959527954888
6.3508276030896873
6.327720788139235
6.3046396583728708
6.2815847823246678
6.2585567218318587
6.2355560320735322
6.2125832616089234
6.1896389524163418
6.1667236399315293
6.1438378530867084
6.1209821143489478
6.0981569397592086
6.075362838971051
6.0526003152893431
6.0298698657092924
6.0071719809550341
5.9845071455187213
5.9618758376992442
5.9392785296411112
5.9167156873732782
5.8941877708480082
5.8716952339798016
5.849238524683944
5.826818084915633
5.8044343507084708
5.7820877522134229
5.7597787137373793
5.737507653781984
5.7152749850821252
5.6930811146446754
5.6709264437870743
5.6488113681756769
5.6267362778644419
5.604701557333172
5.5827075855260695
5.5607547358898426
5.5388433764121316
5.516973869659525
5.4951465728159139
5.4733618377202333
5.4516200109047226
5.4299214336326855
5.4082664419363251
5.3866553666545727
5.3650885334705958
5.3435662629495972
5.3220888705761062
5.3006566667915518
5.2792699570314401
5.2579290417626847
5.2366342165206969
5.2153857719463854
5.194183993823156
5.1730291631136485
5.1519215559965623
5.130861443903223
5.109849093554109
5.0888847669952284
5.0679687216344416
5.0471012102776989
5.0262824811649498
5.005512778006274
4.9847923400175436
4.9641214019563336
4.9435001941572825
4.9229289425677702
4.9024078687831167
4.8819371900819206
4.8615171194610802
4.8411478656707008
4.8208296332490974
4.8005626225573543
4.780347029813985
4.7601830471292956
4.7400708625397474
4.7200106600421297
4.7000026196275648
4.6800469173154102
4.6601437251869964
4.6402932114193192
4.6204955403184105
4.6007508723527613
4.5810593641864479
4.5614211687122088
4.541836435084349
4.5223053087515153
4.5028279314892368
4.4834044414324756
4.4640349731079008
4.4447196574660204
4.4254586219132968
4.4062519903438879
4.3870998831715156
4.368002417360862
4.3489597064591354
4.3299718606272251
4.3110389866708996
4.292161188071689
4.2733385650177027
4.2545712144343195
4.2358592300146283
4.2172027022498204
4.1986017184592725
4.180056362820709
4.1615667163999372
4.1431328571806825
4.1247548600940602
4.1064327970479537
4.0881667369563539
4.0699567457683514
4.0518028864971187
4.0337052192486169
4.0156638012502537
3.9976786868793051
3.9797499276912296
3.9618775724477606
3.9440616671448865
3.9263022550407172
3.9085993766830409
3.8909530699369039
3.8733633700118775
3.8558303094892858
3.8383539183491608
3.8209342239971757
3.8035712512912365
3.786265022568136
3.7690155576698254
3.751822873969668
3.734686986398529
3.7176079074706099
3.7005856473092757
3.6836202136724969
3.6667116119784202
3.6498598453305187
3.6330649145427714
3.6163268181645494
3.5996455525054145
3.5830211116597841
3.5664534875313532
3.5499426698574554
3.5334886462331339
3.5170914021352502
3.5007509209462322
3.4844671839778156
3.4682401704945534
3.452069857737138
3.4359562209457239
3.4198992333828739
3.4038988663565508
3.3879550892428014
3.372067869508399
3.356237172733251
3.3404629626327234
3.3247452010797272
3.3090838481267237
3.2934788620275772
3.2779301992591678
3.2624378145429809
3.2470016608664203
3.2316216895040801
3.216297850038766
3.2010300903824698
3.1858183567970677
3.1706625939150275
3.1555627447597971
3.1405187507661649
3.1255305518004528
3.1105980861805018
3.0957212906955927
3.080900100626125
3.0661344497632732
3.0514242704283654
3.0367694934922254
3.0221700483943099
3.0076258631616724
2.9931368644279148
2.9787029774518228
2.9643241261360123
2.9500002330452944
2.9357312194250458
2.9215170052193065
2.9073575090888184
2.8932526484289078
2.8792023393871657
2.8652064968811262
2.8512650346156487
2.8373778651002928
2.8235448996664578
2.8097660484844615
2.7960412205804257
2.7823703238530766
2.7687532650903521
2.755189949985954
2.7416802831556701
2.7282241681536421
2.7148215074884781
2.7014722026392111
2.6881761540711504
2.674933261251589
2.6617434226654111
2.6486065358305129
2.6355224973131617
2.6224912027431619
2.60951254682894
2.5965864233725049
2.5837127252842333
2.5708913445975918
2.5581221724836598
2.545405099265631
2.5327400144330818
2.5201268066561933
2.5075653637998205
2.4950555729374138
2.4825973203649063
2.470190491614364
2.4578349714676193
2.4455306439696973
2.4332773924422164
2.4210750994965764
2.4089236470471023
2.3968229163240391
2.384772787886404
2.372773141634803
2.3608238568240374
2.3489248120756763
2.3370758853904556
2.3252769541605964
2.3135278951820069
2.3018285846663726
2.2901788982531146
2.278578711021285
2.2670278975012863
2.2555263316865402
2.2440738870450274
2.2326704365307042
2.2213158525948322
2.2100100071971887
2.1987527718171904
2.1875440174648819
2.1763836146918454
2.16527143360199
2.1542073438622431
2.1431912147131578
2.1322229149793666
2.1213023130800073
2.1104292770389588
2.0996036744950826
2.0888253727122565
2.0780942385893937
2.067410138670319
2.0567729391535394
2.0461825059019763
2.0356387044525217
2.0251414000255661
2.0146904575343867
2.004285741594459
1.9939271165326755
1.983614446396472
1.9733475949628534
1.9631264257473158
1.9529508020127222
1.9428205867780246
1.9327356428269564
1.9226958327165822
1.912701018785794
1.9027510631637126
1.8928458277779854
1.8829851743630157
1.8731689644680853
1.8633970594654132
1.8536693205581103
1.8439856087880675
1.8343457850437292
1.8247497100678305
1.815197244464984
1.8056882487092614
1.7962225831516287
1.7868001080273395
1.7774206834632218
1.7680841694849025
1.75879042602395
1.7495393129249193
1.7403306899523574
1.7311644167976648
1.7220403530859649
1.7129583583828198
1.7039182922009182
1.6949200140066698
1.6859633832267071
1.6770482592543612
1.6681745014560103
1.6593419691773903
1.6505505217498078
1.6418000184963006
1.6330903187377177
1.6244212817987287
1.6157927670137626
1.6072046337328572
1.598656741327497
1.5901489491962981
1.5816811167707008
1.5732531035205408
1.5648647689595818
1.556515972650973
1.5482065742126372
1.5399364333226
1.5317054097242369
1.5235133632314777
1.5153601537339294
1.5072456412019473
1.4991696856916257
1.4911321473497521
1.4831328864186597
1.4751717632410668
1.4672486382648089
1.4593633720475454
1.4515158252613751
1.4437058586974143
1.4359333332703113
1.4281981100226879
1.4205000501295473
1.4128390149025853
1.4052148657944965
1.3976274644031728
1.3900766724758764
1.3825623519133481
1.3750843647738433
1.3676425732771531
1.3602368398085245
1.3528670269225596
1.3455329973470396
1.3382346139867121
1.3309717399270091
1.3237442384377318
1.316551972976665
1.3093948071931398
1.3022726049315714
1.2951852302349087
1.2881325473480651
1.2811144207212779
1.2741307150134289
1.2671812950953147
1.260266026052864
1.2533847731903196
1.2465374020333488
1.2397237783321251
1.2329437680643702
1.2261972374383192
1.2194840528956741
1.2128040811144829
1.206157189011996
1.1995432437474627
1.1929621127248859
1.1864136635957476
1.1798977642616639
1.1734142828770131
1.1669630878515274
1.1605440478528335
1.1541570318089387
1.1478019089106961
1.1414785486142214
1.1351868206432696
1.1289265949915597
1.1226977419250748
1.1165001319843144
1.110333635986513
1.104198125027807
1.0980934704853766
1.0920195440195504
1.0859762175758467
1.0799633633870172
1.0739808539750173
1.0680285621529653
1.0621063610270496
1.0562141239983942
1.0503517247649194
1.044519037323127
1.0387159359698817
1.0329422953041312
1.0271979902286255
1.0214828959515645
1.0157968879882371
1.0101398421626242
1.004511634608948
0.99891214177322019
0.99334124041473248
0.98779880760752992
0.98228472074184048
0.97679885752547824
0.97134109598522
0.96591131446815159
0.96050939164296634
0.9551352065012535
0.94978863835874938
0.94446956685655503
0.93917787196233138
0.93391343397145654
0.92867613350816569
0.92346585152665239
0.91828246931214452
0.91312586848195965
0.9079959309865191
0.90289253911034173
0.89781557547301749
0.89276492303014665
0.8877404650742472
0.88274208523564912
0.87776966748334861
0.87282309612585562
0.86790225581199298
0.86300703153168656
0.85813730861673043
0.85329297274151217
0.84847390992373439
0.84368000652509667
0.83891114925196819
0.83416722515601316
0.82944812163482218
0.82475372643249756
0.82008392764023263
0.815438613696853
0.81081767338934341
0.80622099585336138
0.8016484705737108
0.79709998738480625
0.79257543647111395
0.78807470836757065
0.78359769395998069
0.77914428448539386
0.77471437153246758
0.77030784704179611
0.76592460330623213
0.76156453297118498
0.75722752903490176
0.75291348484872056
0.7486222941173114
0.74435385089890238
0.74010804960548282
0.73588478500298193
0.73168395221143911
0.72750544670515538
0.72334916431281926
0.71921500121762405
0.71510285395736295
0.71101261942451166
0.70694419486628357
0.70289747788468437
0.69887236643653483
0.69486875883349186
0.69088655374203856
0.68692565018346563
0.68298594753384656
0.67906734552397774
0.67516974423932008
0.67129304411991608
0.66743714596029768
0.66360195090937557
0.65978736047031528
0.65599327650040329
0.65221960121088662
0.64846623716681528
0.64473308728685752
0.64102005484311064
0.63732704346089086
0.63365395711851147
0.63000070014705689
0.62636717723013313
0.62275329340360697
0.61915895405533816
0.61558406492489581
0.61202853210326147
0.60849226203252282
0.60497516150555275
0.60147713766568334
0.59799809800635384
0.59453795037076418
0.5910966029515099
0.58767396429020147
0.58426994327707815
0.58088444915061244
0.57751739149710124
0.57416868025024437
0.57083822569071774
0.56752593844572985
0.56423172948857991
0.56095551013819078
0.55769719205864321
0.55445668725869957
0.55123390809131001
0.54802876725311955
0.54484117778396146
0.54167105306634067
0.5385183068249092
0.53538285312593148
0.53226460637674622
0.5291634813252154
0.52607939305916362
0.52301225700581022
0.51996198893120116
0.51692850493961862
0.51391172147299435
0.51091155531031018
0.50792792356699212
0.50496074369429789
0.50200993347869449
0.49907541104123265
0.49615709483691017
0.49325490365402824
0.49036875661354562
0.48749857316842343
0.48464427310295938
0.48180577653212214
0.47898300390087239
0.47617587598348798
0.47338431388286939
0.47060823902985016
0.46784757318249559
0.46510223842539733
0.46237215716896274
0.45965725214869685
0.45695744642448288
0.45427266337984867
0.45160282672123875
0.4489478604772752
0.44630768899801054
0.4436822369541833
0.44107142933645993
0.43847519145468211
0.4358934489370988
0.43332612772960044
0.43077315409494599
0.42823445461198695
0.42570995617488544
0.42319958599232843
0.42070327158673987
0.41822094079348499
0.41575252176007205
0.41329794294535305
0.41085713311871774
0.40843002135928269
0.40601653705507884
0.40361660990223569
0.40123016990416227
0.39885714737072142
0.3964974729174045
0.39415107746450045
0.39181789223626401
0.38949784876007815
0.3871908788656151
0.38489691468399584
0.38261588864694079
0.38034773348592604
0.37809238223133185
0.37584976821158811
0.3736198250523195
0.37140248667548581
0.36919768729852454
0.36700536143348411
0.36482544388616106
0.36265786975522951
0.36050257443137579
0.35835949359642294
0.35622856322245799
0.35410971957095816
0.35200289919190875
0.34990803892292838
0.3478250758883849
0.3457539474985144
0.34369459144853498
0.34164694571776066
0.33961094856871532
0.33758653854624343
0.3355736544766178
0.33357223546664999
0.3315822209027956
0.32960355045026124
0.32763616405210871
0.3256800019283585
0.32373500457509202
0.32180111276355383
0.31987826753925097
0.31796641022105471
0.3160654824002973
0.31417542593987025
0.31229618297332273
0.31042769590395891
0.30856990740393142
0.30672276041333935
0.30488619813932077
0.30306016405515057
0.30124460189933161
0.29943945567468921
0.29764466964746594
0.29586018834641159
0.29408595656187941
0.29232191934491641
0.29056802200635801
0.28882421011591702
0.28709042950127939
0.28536662624719511
0.2836527466945703
0.28194873743956028
0.28025454533266014
0.27857011747780097
0.27689540123143941
0.27523034420165204
0.27357489424722864
0.27192899947676563
0.27029260824776025
0.26866566916570422
0.26704813108318004
0.26543994309895452
0.26384105455707452
0.26225141504596444
0.26067097439752274
0.25909968268621864
0.25753749022818939
0.25598434758034083
0.25444020553944613
0.25290501514124475
0.25137872765954483
0.24986129460532319
0.24835266772582948
0.24685279900368862
0.24536164065600455
0.24387914513346703
0.24240526511945504
0.24093995352914613
0.23948316350862406
0.23803484843398665
0.23659496191045754
0.23516345777149528
0.23374029007790847
0.23232541311696683
0.230918781401517
0.22952034966909807
0.22813007288105849
0.22674790622167473
0.22537380509727045
0.22400772513533818
0.22264962218365975
0.22129945230943182
0.21995717179838942
0.21862273715393299
0.2172961050962558
0.21597723256147217
0.21466607670074939
0.21336259487943962
0.21206674467621256
0.210778483882191
0.2094977705000873
0.20822456274334192
0.2069588190352625
0.20570049800816576
0.20444955850252064
0.20320595956609133
0.20196966045308562
0.20074062062330178
0.19951879974127806
0.19830415767544363
0.19709665449727268
0.19589625048043907
0.19470290609997112
0.19351658203141281
0.1923372391499808
0.19116483852972954
0.1899993414427118
0.18884070935814584
0.18768890394158433
0.1865438870540799
0.18540562075136033
0.18427406728299836
0.18314918909158845
0.18203094881192411
0.18091930927017436
0.17981423348306791
0.17871568465707255
0.17762362618758148
0.17653802165810112
0.17545883483943719
0.17438602968888817
0.17331957034943579
0.17225942114894041
0.17120554659933981
0.17015791139584455
0.1691164804161423
0.16808121871959839
0.16705209154646175
0.16602906431707332
0.16501210263107313
0.16400117226661304
0.1629962391795709
0.16199726950276405
0.1610042295451698
0.1600170857911434
0.15903580489964048
0.15806035370344274
0.15709069920838231
0.1561268085925725
0.15516864920563675
0.15421618856794236
0.15326939436983714
0.15232823447088401
0.15139267689910346
0.15046268985021372
0.14953824168687485
0.14861930093793685
0.14770583629768549
0.14679781662509639
0.14589521094308494
0.14499798843776335
0.14410611845769891
0.14321957051317186
0.14233831427543969
0.14146231957599972
0.1405915564058568
0.13972599491479282
0.13886560541063628
0.13801035835853803
0.1371602243802455
0.13631517425338105
0.13547517891072403
0.13464020943949107
0.13381023708062401
0.13298523322807485
0.13216516942809639
0.13135001737853572
0.13053974892812617
0.12973433607578527
0.12893375096991463
0.12813796590769944
0.12734695333441415
0.12656068584272673
0.12577913617200806
0.12500227720764315
0.12423008198034244
0.12346252366545943
0.1226995755823066
0.12194121119347609
0.12118740410416304
0.12043812806148851
0.11969335695382891
0.11895306481014328
0.11821722579930602
0.11748581422944215
0.11675880454726159
0.11603617133740014
0.11531788932175911
0.11460393335884975
0.11389427844313936
0.11318889970439824
0.11248777240705235
0.11179087194953412
0.11109817386363885
0.11040965381388271
0.10972528759686169
0.109045051140615
0.10836892050398869
0.10769687187600301
0.10702888157522281
0.10636492604912724
0.10570498187348576
0.10504902575173308
0.1043970345143482
0.10374898511823633
0.10310485464611061
0.10246462030587972
0.10182825943003401
0.10119574947503686
0.10056706802071769
0.099942192769665983
0.099321101546628876
0.098703772297911524
0.098090183090777772
0.097480312112855738
0.096874137671543084
0.096271638193416359
0.095672792223643041
0.095077578425393272
0.094485975579257309
0.093897962582662226
0.093313518449292879
0.092732622308514936
0.092155253404798521
0.091581391097147108
0.091011014858525377
0.090444104275291717
0.08988063904663264
0.089320598983998023
0.088763964010540847
0.088210714160556841
0.087660829578928137
0.087114290520569099
0.086571077349872516
0.086031170540161031
0.085494550673137909
0.084961198438341712
0.084431094632603468
0.0839042201595043
0.08338055602883758
0.082860083356071063
0.082342783361812735
0.081828637371279156
0.081317626813763838
0.080809733222110824
0.080304938232187609
0.079803223582362387
0.07930457111298278
0.078808962765855903
0.078316380583731887
0.077826806709789365
0.077340223387121806
0.076856612958228307
0.076375957864504171
0.075898240645735165
0.07542344393959402
0.074951550481137386
0.074482543102307563
0.07401640473143363
0.073553118392736483
0.073092667205836154
0.072635034385259339
0.072180203239951612
0.071728157172789422
0.071278879680095733
0.070832354351157589
0.070388564867744419
0.0699474950036309
0.069509128624119135
0.069073449685564836
0.068640442234905452
0.068210090409188961
0.067782378435106677
0.067357290628526204
0.066934811394027821
0.066514925224442911
0.066097616700392908
0.065682870489832457
0.065270671347592735
0.06486100411492772
0.064453853719062967
0.064049205172744567
0.06364704357379275
0.063247354104654735
0.062850122031961497
0.062455332706086317
0.062062971560704207
0.061673024112354188
0.061285475960004054
0.060900312784615405
0.060517520348712731
0.060137084495952536
0.059758991150695627
0.059383226317581514
0.059009776081103159
0.058638626605185915
0.058269764132766355
0.057903174985374131
0.057538845562716018
0.057176762342260413
0.056816911878825808
0.05645928080416901
0.05610385582657678
0.055750623730459144
0.055399571375943674
0.055050685698472886
0.054703953708402392
0.054359362490601665
0.054016899204056702
0.053676551081473525
0.05333830542888518
0.053002149625258829
0.052668071122105878
0.052336057443093803
0.052006096183658923
0.051678175010622315
0.051352281661806214
0.051028403945653056
0.050706529740846579
0.050386646995933274
0.050068743728947589
0.04975280802703709
0.049438828046090635
0.049126792010367987
0.04881668821213056
0.048508505011275224
0.048202230834968225
0.047897854177282234
0.047595363598834671
0.047294747726427305
0.046995995252688057
0.046699094935714842
0.046404035598719938
0.046110806129677703
0.045819395480972296
0.045529792669048288
0.045241986774062867
0.044955966939538683
0.044671722372019947
0.044389242340728691
0.044108516177223639
0.043829533275060721
0.043552283089454351
0.043276755136941743
0.043002938995047375
0.042730824301950125
0.042460400756151977
0.04219165811614748
0.041924586200096065
0.041659174885494761
0.041395414108853328
0.041133293865370978
0.040872804208613861
0.040613935250195334
0.040356677159456712
0.040101020163150168
0.039846954545123436
0.039594470646005124
0.039343558862892855
0.039094209649041665
0.038846413513554848
0.038600161021076246
0.038355442791483368
0.038112249499583133
0.037870571874807919
0.037630400700914085
0.037391726815681758
0.037154541110615606
0.036918834530647704
0.036684598073841945
0.036451822791099098
0.036220499785864516
0.035990620213836241
0.035762175282675175
0.035535156251716868
0.035309554431683869
0.035085361184400823
0.034862567922509642
0.034641166109187077
0.034421147257863598
0.034202502931943005
0.033985224744524499
0.03376930435812512
0.033554733484404367
0.033341503883890039
0.033129607365704979
0.032919035787296026
0.032709781054163563
0.032501835119592898
0.032295189984387122
0.032089837696600718
0.031885770351275329
0.031682980090176109
0.031481459101529941
0.031281199619765082
0.031082193925251359
0.030884434344042828
0.030687913247620657
0.03049262305263812
0.03029855622066667
0.030105705257942934
0.029914062715117831
0.029723621187006003
0.029534373312337249
0.029346311773509236
0.029159429296340803
0.028973718649827545
0.028789172645897643
0.028605784139169692
0.028423546026711703
0.028242451247800816
0.028062492783684806
0.0278836636573449
0.027705956933259095
0.027529365717167714
0.027353883155839254
0.027179502436838077
0.027006216788293208
0.026834019478667887
0.02666290381653115
0.026492863150329705
0.026323890868161604
0.026155980397551095
0.025989125205224131
0.025823318796885791
0.025658554716998187
0.025494826548559918
0.025332127912886856
0.025170452469393409
0.025009793915375812
0.024850145985795744
0.0246915024530656
0.024533857126834934
0.024377203853777462
0.024221536517380023
0.024066849037731819
0.023913135371315342
0.023760389510798355
0.023608605484826555
0.023457777357817976
0.023307899229757817
0.023158965235994849
0.023010969547038851
0.022863906368358708
0.022717769940182236
0.022572554537296462
0.022428254468849305
0.022284864078152399
0.022142377742484599
0.022000789872896789
0.021860094914017931
0.021720287343861538
0.021581361673633951
0.021443312447542939
0.021306134242607782
0.021169821668470357
0.021034369367206818
0.020899772013140923
0.020766024312657727
0.020633121004018724
0.02050105685717794
0.020369826673598636
0.020239425286071599
0.020109847558533834
0.019981088385888569
0.019853142693826303
0.019726005438646409
0.01959967160708026
0.01947413621611474
0.019349394312817132
0.019225440974160925
0.019102271306852162
0.01897988044715735
0.01885826356073169
0.018737415842448681
0.018617332516230548
0.018498008834879329
0.018379440079909368
0.018261621561380188
0.018144548617730648
0.018028216615613966
0.017912620949733383
0.017797757042679101
0.017683620344765734
0.017570206333870898
0.017457510515274752
0.017345528421499997
0.017234255612153339
0.017123687673767284
0.017013820219643087
0.016904648889694656
0.016796169350292947
0.016688377294111531
0.016581268439972995
0.016474838532695896
0.016369083342943007
0.016263998667069932
0.016159580326974864
0.016055824169949186
0.015952726068528596
0.01585028192034545
0.015748487647981538
0.015647339198821948
0.015546832544909725
0.015446963682801044
0.01534772863342164
0.015249123441923569
0.015151144177543078
0.01505378693345924
0.014957047826653103
0.014860922997768054
0.014765408610970495
0.014670500853811615
0.014576195937089916
0.014482490094714218
0.014389379583567848
0.014296860683373174
0.014204929696557164
0.014113582948117698
0.014022816785490326
0.013932627578416228
0.013843011718810465
0.013753965620631239
0.013665485719749897
0.013577568473821388
0.013490210362155846
0.013403407885590472
0.013317157566362436
0.013231455947982461
0.013146299595108896
0.013061685093422707
0.012977609049503196
0.012894068090704147
0.012811058865031047
0.012728578041018627
0.012646622307609321
0.012565188374032452
0.012484272969683786
0.012403872844006189
0.012323984766370579
0.012244605525957748
0.012165731931640906
0.012087360811868625
0.012009489014548791
0.011932113406932862
0.011855230875501025
0.011778838325847991
0.011702932682569205
0.011627510889148047
0.011552569907843323
0.011478106719577637
0.011404118323826365
0.011330601738507055
0.0112575539998698
0.011184972162387855
0.011112853298649148
0.011041194499248366
0.010969992872679472
0.01089924554522911
0.010828949660870344
0.010759102381157171
0.010689700885119684
0.010620742369159551
0.010552224046946473
0.010484143149314881
0.010416496924161434
0.010349282636343099
0.010282497567575648
0.010216139016332894
0.010150204297746507
0.010084690743506207
0.010019595701760827
0.0099549165370196434
0.0098906506300544574
0.0098267953778022419
0.0097633481932681704
0.0097003065054294593
0.0096376677591394899
0.0095754294150326609
0.0095135889494298229
0.0094521438542439946
0.0093910916368869744
0.0093304298201761712
0.0092701559422421545
0.0092102675564367468
0.0091507622312414563
0.0090916375501767215
0.0090328911117113636
0.0089745205291728129
0.0089165234306577724
0.0088588974589432767
0.0088016402713984969
0.0087447495398968039
0.0086882229507285191
0.0086320582045141293
0.0085762530161178959
0.008520805114562156
0.0084657122429419012
0.0084109721583400087
0.0083565826317429509
0.0083025414479568523
0.0082488464055242468
0.0081954953166410976
0.0081424860070744391
0.0080898163160805243
0.008037484096323249
0.0079854872137933141
0.0079338235477276059
0.007882490990529227
0.0078314874476879334
0.0077808108377009615
0.007730459091994415
0.0076804301548451101
0.0076307219833027275
0.0075813325471126517
0.0075322598286390267
0.0074835018227883956
0.007435056536933808
0.0073869219908392122
0.0073390962165844897
0.0072915772584907475
0.0072443631730461436
0.0071974520288321867
0.0071508419064502862
0.0071045308984489745
0.007058517109251327
0.0070127986550829443
0.0069673736639003564
0.0069222402753197155
0.0068773966405461023
0.0068328409223030392
0.00678857129476256
0.0067445859434756856
0.006700883065303166
0.0066574608683468315
0.0066143175718811576
0.006571451406285342
0.0065288606129757952
0.0064865434443388921
0.0064444981636643086
0.0064027230450785667
0.0063612163734790839
0.0063199764444686109
0.0062790015642899474
0.0062382900497612035
0.0061978402282112672
0.0061576504374157752
0.0061177190255334631
0.0060780443510427672
0.0060386247826789228
0.0059994586993714237
0.0059605444901817345
0.005921880554241545
0.0058834653006912159
0.0058452971486186965
0.0058073745269988123
0.0057696958746327864
0.0057322596400882931
0.0056950642816397
0.0056581082672087623
0.0056213900743056809
0.0055849081899703879
0.0055486611107143525
0.0055126473424625564
0.0054768654004959403
0.0054413138093941547
0.0054059911029785881
0.0053708958242558473
0.0053360265253614529
0.0053013817675039484
0.0052669601209093383
0.0052327601647657786
0.0051987804871687143
0.0051650196850662137
0.0051314763642047187
0.0050981491390751235
0.005065036632859057
0.0050321374773756545
0.0049994503130284867
0.0049669737887528967
0.0049347065619636558
0.0049026472985028418
0.0048707946725881504
0.0048391473667613932
0.004807704071837381
0.0047764634868531211
0.004745424319017217
0.0047145852836597037
0.0046839451041820667
0.0046535025120076189
0.0046232562465321932
0.0045932050550750465
0.0045633476928301281
0.0045336829228176485
0.0045042095158358397
0.0044749262504131387
0.004445831912760532
0.0044169252967242592
0.0043882052037388097
0.0043596704427801072
0.0043313198303191087
0.0043031521902755429
0.0042751663539720179
0.0042473611600884094
0.0042197354546164179
0.0041922880908145449
0.0041650179291631987
0.0041379238373201628
0.0041110046900763152
0.0040842593693115525
0.0040576867639510817
0.0040312857699218623
0.0040050552901093857
0.0039789942343147165
0.0039531015192117158
0.0039273760683046222
0.0039018168118857919
0.0038764226869937614
0.0038511926373715547
0.0038261256134251753
0.0038012205721824565
0.0037764764772520417
0.0037518922987827006
0.0037274670134228691
0.0037031996042803774
0.0036790890608825186
0.0036551343791362545
0.0036313345612887299
0.0036076886158880246
0.0035841955577440836
0.0035608544078899363
0.0035376641935431544
0.003514623948067478
0.0034917327109347633
0.0034689895276870711
0.0034463934498990424
0.003423943535140507
0.0034016388469392421
0.0033794784547440657
0.0033574614338880496
0.003335586865552017
0.0033138538367282633
0.0032922614401844326
0.0032708087744277104
0.0032494949436691267
0.0032283190577881513
0.0032072802322974971
0.0031863775883080713
0.0031656102524942392
0.0031449773570591966
0.0031244780397006221
0.0031041114435765298
0.0030838767172712729
0.0030637730147618399
0.0030437994953842707
0.0030239553238003295
0.0030042396699643853
0.0029846517090904284
0.0029651906216193813
0.0029458555931865136
0.0029266458145891204
0.0029075604817543881
0.0028885987957074054
0.0028697599625394513
0.0028510431933763862
0.0028324477043473045
0.0028139727165533571
0.0027956174560367269
0.0027773811537498685
0.0027592630455248474
0.0027412623720429311
0.0027233783788043514
0.0027056103160982203
0.0026879574389726568
0.0026704190072051118
0.0026529942852728111
0.0026356825423234638
0.0026184830521460635
0.0026013950931419267
0.0025844179482959052
0.0025675509051477181
0.0025507932557635401
0.002534144296707687
0.002517603329014522
0.0025011696581605349
0.0024848425940365406
0.0024686214509201227
0.0024525055474481704
0.0024364942065896334
0.0024205867556184417
0.0024047825260865431
0.0023890808537971792
0.002373481078778248
0.0023579825452558849
0.0023425846016281956
0.0023272866004391112
0.0023120878983524675
0.0022969878561261759
0.0022819858385866002
0.0022670812146030825
0.0022522733570625899
0.0022375616428445787
0.0022229454527959431
0.0022084241717061658
0.0021939971882826209
0.0021796638951259795
0.0021654236887058403
0.002151275969336433
0.0021372201411525246
0.0021232556120854653
0.002109381793839348
0.002095598101867352
0.0020819039553482254
0.0020682987771628823
0.0020547819938711923
0.0020413530356888582
0.002028011336464481
0.0020147563336567528
0.0020015874683117604
0.0019885041850404841
0.0019755059319963783
0.0019625921608531229
0.0019497623267825193
0.0019370158884324787
0.0019243523079052031
0.0019117710507354476
0.001899271585868949
0.0018868533856409915
0.001874515925755064
0.0018622586852617066
0.001850081146537431
0.001837982795263807
0.0018259631204066776
0.0018140216141954689
0.0018021577721026765
0.0017903710928234302
0.0017786610782552156
0.0017670272334777228
0.0017554690667327855
0.0017439860894044915
0.0017325778159993713
0.0017212437641267357
0.0017099834544791405
0.0016987964108129347
0.0016876821599289798
0.0016766402316534398
0.0016656701588187209
0.0016547714772445288
0.0016439437257190158
0.0016331864459800728
0.0016224991826967339
0.00161188148345067
0.0016013328987178376
0.0015908529818502003
0.0015804412890575885
0.0015700973793896778
0.0015598208147180413
0.0015496111597183629
0.0015394679818527168
0.0015293908513519822
0.0015193793411983694
0.0015094330271080245
0.0014995514875137861
0.0014897343035480039
0.0014799810590254937
0.0014702913404265978
0.0014606647368803228
0.0014511008401476206
0.0014415992446047364
0.0014321595472266855
0.0014227813475708292
0.0014134642477605323
0.0014042078524689541
0.0013950117689029086
0.0013858756067868447
0.0013767989783469296
0.0013677814982952004
0.0013588227838138615
0.0013499224545396303
0.0013410801325482145
0.0013322954423388802
0.0013235680108190956
0.0013148974672893012
0.0013062834434277434
0.0012977255732754243
0.0012892234932211459
0.0012807768419866217
0.0012723852606117186
0.0012640483924397543
0.0012557658831029096
0.001247537380507731
0.0012393625348207048
0.001231240998453938
0.0012231724260509324
0.001215156474472421
0.0012071928027823304
0.0011992810722337927
0.0011914209462552693
0.0011836120904367624
0.0011758541725160857
0.0011681468623652594